
% Smooth Case and Uniform mesh

test_Functional
--------------------
Solve Functional problem.
Problem Info:
1. Functional: J(u) = (u,g)
2. PDE: Laplace equation
3. HDG method
   k = 1, tau = h^0 
--------------------
No Post-processing:

Solution Error
N    | E_u            Order  | E_q            Order  | E_uhat         Order |
10   | 1.07e-02       0.00   | 8.93e-03       0.00   | 2.15e-39       0.00  |
20   | 2.70e-03       1.99   | 2.22e-03       2.01   | 2.88e-45       19.50 |
40   | 6.77e-04       2.00   | 5.54e-04       2.00   | 3.89e-51       19.50 |
80   | 1.70e-04       2.00   | 1.38e-04       2.00   | 7.13e-57       19.06 |
160  | 4.24e-05       2.00   | 3.45e-05       2.00   | 3.69e-57       0.95  |
320  | 1.06e-05       2.00   | 8.63e-06       2.00   | 4.40e-56       -3.57 |
640  | 2.65e-06       2.00   | 2.16e-06       2.00   | 2.21e-55       -2.33 |
1280 | 6.63e-07       2.00   | 5.39e-07       2.00   | 1.27e-54       -2.52 |

Functional Error
N    | J(u)-Jh(u_h)   Order  | J(u)-J(u_h)    Order  |
10   | 1.51e-03       0.00   | 5.78e-03       0.00   |
20   | 1.79e-04       3.07   | 7.37e-04       2.97   |
40   | 2.18e-05       3.04   | 9.30e-05       2.99   |
80   | 2.68e-06       3.02   | 1.17e-05       2.99   |
160  | 3.33e-07       3.01   | 1.46e-06       3.00   |
320  | 4.14e-08       3.01   | 1.83e-07       3.00   |
640  | 5.17e-09       3.00   | 2.29e-08       3.00   |
1280 | 6.46e-10       3.00   | 2.86e-09       3.00   |
--------------------
Results for estimator
N    | J(u)-J(u_h)    esti_1         ratio  
10   | 5.78e-03       7.29e-03       1.26   |
20   | 7.37e-04       9.17e-04       1.24   |
40   | 9.30e-05       1.15e-04       1.23   |
80   | 1.17e-05       1.44e-05       1.23   |
160  | 1.46e-06       1.79e-06       1.23   |
320  | 1.83e-07       2.24e-07       1.23   |
640  | 2.29e-08       2.80e-08       1.23   |
1280 | 2.86e-09       3.51e-09       1.23   |

N    | J(u)-Jh(u_h)   esti_1         ratio  
10   | 1.51e-03       7.29e-03       4.83   |
20   | 1.79e-04       9.17e-04       5.11   |
40   | 2.18e-05       1.15e-04       5.27   |
80   | 2.68e-06       1.44e-05       5.35   |
160  | 3.33e-07       1.79e-06       5.39   |
320  | 4.14e-08       2.24e-07       5.41   |
640  | 5.17e-09       2.80e-08       5.42   |
1280 | 6.46e-10       3.51e-09       5.43   |
--------------------
Post-processing: Convolution Filtering

Soltuion Error
N    | E_u            Order  | E_q            Order  | E_uhat         Order |
10   | 7.53e-04       0.00   | 5.96e-04       0.00   | 2.43e-03       0.00  |
20   | 1.01e-04       2.90   | 5.64e-05       3.40   | 4.55e-04       2.42  |
40   | 1.30e-05       2.95   | 5.91e-06       3.26   | 8.27e-05       2.46  |
80   | 1.65e-06       2.98   | 6.67e-07       3.15   | 1.48e-05       2.48  |
160  | 2.08e-07       2.99   | 7.89e-08       3.08   | 2.64e-06       2.49  |
320  | 2.61e-08       2.99   | 9.57e-09       3.04   | 4.68e-07       2.50  |
640  | 3.27e-09       3.00   | 1.18e-09       3.02   | 8.28e-08       2.50  |
1280 | 4.10e-10       3.00   | 1.46e-10       3.01   | 1.47e-08       2.50  |

Functional Error
N    | J(u)-Jh(u_h)   Order  | J(u)-J(u_h)    Order  |
10   | 7.72e-06       0.00   | 5.25e-03       0.00   |
20   | 1.32e-07       5.87   | 7.04e-04       2.90   |
40   | 2.16e-09       5.93   | 9.09e-05       2.95   |
80   | 3.45e-11       5.97   | 1.15e-05       2.98   |
160  | 5.46e-13       5.98   | 1.45e-06       2.99   |
320  | 8.57e-15       5.99   | 1.82e-07       2.99   |
640  | 1.34e-16       6.00   | 2.28e-08       3.00   |
1280 | 2.10e-18       6.00   | 2.86e-09       3.00   |
--------------------
Results for estimator
N    | J(u)-J(u*_h)   esti_2         ratio  
10   | 5.25e-03       5.26e-03       1.00   |
20   | 7.04e-04       7.04e-04       1.00   |
40   | 9.09e-05       9.09e-05       1.00   |
80   | 1.15e-05       1.15e-05       1.00   |
160  | 1.45e-06       1.45e-06       1.00   |
320  | 1.82e-07       1.82e-07       1.00   |
640  | 2.28e-08       2.28e-08       1.00   |
1280 | 2.86e-09       2.86e-09       1.00   |

N    | J(u)-Jh(u*_h)  esti_2         ratio  
10   | 7.72e-06       5.26e-03       681.60 |
20   | 1.32e-07       7.04e-04       5324.05 |
40   | 2.16e-09       9.09e-05       42043.14 |
80   | 3.45e-11       1.15e-05       334092.86 |
160  | 5.46e-13       1.45e-06       2663634.03 |
320  | 8.57e-15       1.82e-07       21272447.21 |
640  | 1.34e-16       2.28e-08       170032706.95 |
1280 | 2.10e-18       2.86e-09       1359673440.54 |


%k=2
test_Functional
--------------------
Solve Functional problem.
Problem Info:
1. Functional: J(u) = (u,g)
2. PDE: Laplace equation
3. HDG method
   k = 2, tau = h^0 
--------------------
No Post-processing:

Solution Error
N    | E_u            Order  | E_q            Order  | E_uhat         Order |
10   | 2.64e-04       0.00   | 2.33e-04       0.00   | 2.15e-39       0.00  |
20   | 3.31e-05       2.99   | 2.91e-05       3.00   | 2.88e-45       19.50 |
40   | 4.15e-06       3.00   | 3.63e-06       3.00   | 3.89e-51       19.50 |
80   | 5.19e-07       3.00   | 4.53e-07       3.00   | 6.61e-57       19.17 |
160  | 6.49e-08       3.00   | 5.66e-08       3.00   | 3.69e-57       0.84  |
320  | 8.11e-09       3.00   | 7.08e-09       3.00   | 4.40e-56       -3.57 |
640  | 1.01e-09       3.00   | 8.84e-10       3.00   | 2.21e-55       -2.33 |
1280 | 1.27e-10       3.00   | 1.11e-10       3.00   | 1.27e-54       -2.52 |

Functional Error
N    | J(u)-Jh(u_h)   Order  | J(u)-J(u_h)    Order  |
10   | 1.45e-06       0.00   | 5.77e-06       0.00   |
20   | 4.36e-08       5.06   | 1.83e-07       4.98   |
40   | 1.33e-09       5.03   | 5.75e-09       4.99   |
80   | 4.12e-11       5.02   | 1.80e-10       5.00   |
160  | 1.28e-12       5.01   | 5.64e-12       5.00   |
320  | 3.99e-14       5.00   | 1.76e-13       5.00   |
640  | 1.25e-15       5.00   | 5.51e-15       5.00   |
1280 | 3.89e-17       5.00   | 1.72e-16       5.00   |
--------------------
Results for estimator
N    | J(u)-J(u_h)    esti_1         ratio  
10   | 5.77e-06       7.22e-06       1.25   |
20   | 1.83e-07       2.26e-07       1.24   |
40   | 5.75e-09       7.08e-09       1.23   |
80   | 1.80e-10       2.21e-10       1.23   |
160  | 5.64e-12       6.92e-12       1.23   |
320  | 1.76e-13       2.16e-13       1.23   |
640  | 5.51e-15       6.76e-15       1.23   |
1280 | 1.72e-16       2.11e-16       1.23   |

N    | J(u)-Jh(u_h)   esti_1         ratio  
10   | 1.45e-06       7.22e-06       4.98   |
20   | 4.36e-08       2.26e-07       5.20   |
40   | 1.33e-09       7.08e-09       5.31   |
80   | 4.12e-11       2.21e-10       5.37   |
160  | 1.28e-12       6.92e-12       5.40   |
320  | 3.99e-14       2.16e-13       5.42   |
640  | 1.25e-15       6.76e-15       5.43   |
1280 | 3.89e-17       2.11e-16       5.43   |
--------------------
Post-processing: Convolution Filtering

Soltuion Error
N    | E_u            Order  | E_q            Order  | E_uhat         Order |
10   | 1.40e-06       0.00   | 7.33e-06       0.00   | 4.47e-06       0.00  |
20   | 9.10e-09       7.27   | 1.21e-07       5.92   | 4.14e-08       6.75  |
40   | 2.71e-10       5.07   | 2.04e-09       5.89   | 1.70e-09       4.61  |
80   | 1.72e-11       3.98   | 3.65e-11       5.81   | 1.53e-10       3.47  |
160  | 6.73e-13       4.67   | 7.14e-13       5.68   | 8.50e-12       4.17  |
320  | 2.32e-14       4.86   | 1.56e-14       5.51   | 4.14e-13       4.36  |
640  | 7.57e-16       4.94   | 3.84e-16       5.35   | 1.91e-14       4.43  |
1280 | 2.42e-17       4.97   | 1.04e-17       5.21   | 8.65e-16       4.47  |

Functional Error
N    | J(u)-Jh(u_h)   Order  | J(u)-J(u_h)    Order  |
10   | 2.33e-11       0.00   | 9.77e-06       0.00   |
20   | 4.63e-15       12.30  | 6.34e-08       7.27   |
40   | 4.43e-18       10.03  | 1.89e-09       5.07   |
80   | 6.52e-21       9.41   | 1.20e-10       3.98   |
160  | 7.99e-24       9.67   | 4.70e-12       4.67   |
320  | 8.73e-27       9.84   | 1.62e-13       4.86   |
640  | 9.01e-30       9.92   | 5.28e-15       4.94   |
1280 | 9.04e-33       9.96   | 1.69e-16       4.97   |
--------------------
Results for estimator
N    | J(u)-J(u*_h)   esti_2         ratio  
10   | 9.77e-06       9.77e-06       1.00   |
20   | 6.34e-08       6.34e-08       1.00   |
40   | 1.89e-09       1.89e-09       1.00   |
80   | 1.20e-10       1.20e-10       1.00   |
160  | 4.70e-12       4.70e-12       1.00   |
320  | 1.62e-13       1.62e-13       1.00   |
640  | 5.28e-15       5.28e-15       1.00   |
1280 | 1.69e-16       1.69e-16       1.00   |

N    | J(u)-Jh(u*_h)  esti_2         ratio  
10   | 2.33e-11       9.77e-06       419286.38 |
20   | 4.63e-15       6.34e-08       13696935.23 |
40   | 4.43e-18       1.89e-09       426516339.50 |
80   | 6.52e-21       1.20e-10       18382754672.18 |
160  | 7.99e-24       4.70e-12       587836340499.06 |
320  | 8.73e-27       1.62e-13       18516331127343.40 |
640  | 9.01e-30       5.28e-15       586379696063973.26 |
1280 | 9.04e-33       1.69e-16       18657050414635653.04 |


%k=3
test_Functional
--------------------
Solve Functional problem.
Problem Info:
1. Functional: J(u) = (u,g)
2. PDE: Laplace equation
3. HDG method
   k = 3, tau = h^0 
--------------------
No Post-processing:

Solution Error
N    | E_u            Order  | E_q            Order  | E_uhat         Order |
10   | 5.02e-06       0.00   | 4.59e-06       0.00   | 2.15e-39       0.00  |
20   | 3.15e-07       3.99   | 2.86e-07       4.00   | 2.88e-45       19.50 |
40   | 1.97e-08       4.00   | 1.79e-08       4.00   | 3.89e-51       19.50 |
80   | 1.23e-09       4.00   | 1.12e-09       4.00   | 1.28e-56       18.21 |
160  | 7.71e-11       4.00   | 6.97e-11       4.00   | 3.69e-57       1.80  |
320  | 4.82e-12       4.00   | 4.35e-12       4.00   | 4.40e-56       -3.57 |
640  | 3.01e-13       4.00   | 2.72e-13       4.00   | 2.21e-55       -2.33 |
1280 | 1.88e-14       4.00   | 1.70e-14       4.00   | 1.27e-54       -2.52 |

Functional Error
N    | J(u)-Jh(u_h)   Order  | J(u)-J(u_h)    Order  |
10   | 7.18e-10       0.00   | 2.92e-09       0.00   |
20   | 5.44e-12       7.05   | 2.31e-11       6.98   |
40   | 4.18e-14       7.02   | 1.81e-13       6.99   |
80   | 3.23e-16       7.01   | 1.42e-15       7.00   |
160  | 2.52e-18       7.01   | 1.11e-17       7.00   |
320  | 1.96e-20       7.00   | 8.67e-20       7.00   |
640  | 1.53e-22       7.00   | 6.78e-22       7.00   |
1280 | 1.20e-24       7.00   | 5.30e-24       7.00   |
--------------------
Results for estimator
N    | J(u)-J(u_h)    esti_1         ratio  
10   | 2.92e-09       3.64e-09       1.25   |
20   | 2.31e-11       2.85e-11       1.24   |
40   | 1.81e-13       2.23e-13       1.23   |
80   | 1.42e-15       1.74e-15       1.23   |
160  | 1.11e-17       1.36e-17       1.23   |
320  | 8.67e-20       1.06e-19       1.23   |
640  | 6.78e-22       8.31e-22       1.23   |
1280 | 5.30e-24       6.49e-24       1.23   |

N    | J(u)-Jh(u_h)   esti_1         ratio  
10   | 7.18e-10       3.64e-09       5.07   |
20   | 5.44e-12       2.85e-11       5.24   |
40   | 4.18e-14       2.23e-13       5.34   |
80   | 3.23e-16       1.74e-15       5.39   |
160  | 2.52e-18       1.36e-17       5.41   |
320  | 1.96e-20       1.06e-19       5.42   |
640  | 1.53e-22       8.31e-22       5.43   |
1280 | 1.20e-24       6.49e-24       5.43   |
--------------------
Post-processing: Convolution Filtering

Soltuion Error
N    | E_u            Order  | E_q            Order  | E_uhat         Order |
10   | 6.84e-08       0.00   | 2.16e-07       0.00   | 2.16e-07       0.00  |
20   | 2.71e-10       7.98   | 8.64e-10       7.97   | 1.21e-09       7.48  |
40   | 1.05e-12       8.01   | 3.40e-12       7.99   | 6.66e-12       7.51  |
80   | 4.02e-15       8.03   | 1.33e-14       7.99   | 3.59e-14       7.53  |
160  | 1.49e-17       8.07   | 5.24e-17       7.99   | 1.89e-16       7.57  |
320  | 5.20e-20       8.16   | 2.07e-19       7.98   | 9.30e-19       7.66  |
640  | 1.55e-22       8.39   | 8.25e-22       7.97   | 3.91e-21       7.89  |
1280 | 2.24e-25       9.43   | 3.36e-24       7.94   | 8.03e-24       8.93  |

Functional Error
N    | J(u)-Jh(u_h)   Order  | J(u)-J(u_h)    Order  |
10   | 4.61e-14       0.00   | 4.77e-07       0.00   |
20   | 7.27e-19       15.95  | 1.89e-09       7.98   |
40   | 1.10e-23       16.02  | 7.35e-12       8.01   |
80   | 1.60e-28       16.07  | 2.80e-14       8.03   |
160  | 2.21e-33       16.14  | 1.04e-16       8.07   |
320  | 2.79e-38       16.27  | 3.63e-19       8.16   |
640  | 3.10e-43       16.46  | 1.08e-21       8.39   |
1280 | 5.02e-48       15.91  | 1.57e-24       9.43   |
--------------------
Results for estimator
N    | J(u)-J(u*_h)   esti_2         ratio  
10   | 4.77e-07       4.77e-07       1.00   |
20   | 1.89e-09       1.89e-09       1.00   |
40   | 7.35e-12       7.35e-12       1.00   |
80   | 2.80e-14       2.80e-14       1.00   |
160  | 1.04e-16       1.04e-16       1.00   |
320  | 3.63e-19       3.63e-19       1.00   |
640  | 1.08e-21       1.08e-21       1.00   |
1280 | 1.57e-24       1.57e-24       1.00   |

N    | J(u)-Jh(u*_h)  esti_2         ratio  
10   | 4.61e-14       4.77e-07       10341075.57 |
20   | 7.27e-19       1.89e-09       2604846596.69 |
40   | 1.10e-23       7.35e-12       671089651771.45 |
80   | 1.60e-28       2.80e-14       175632383574548.40 |
160  | 2.21e-33       1.04e-16       47015651930944016.21 |
320  | 2.79e-38       3.63e-19       13004211713491402781.29 |
640  | 3.10e-43       1.08e-21       3480191220588170510403.21 |
1280 | 5.02e-48       1.57e-24       311832926455646219243798.57 |


%k=4
test_Functional
--------------------
Solve Functional problem.
Problem Info:
1. Functional: J(u) = (u,g)
2. PDE: Laplace equation
3. HDG method
   k = 4, tau = h^0 
--------------------
No Post-processing:

Solution Error
N    | E_u            Order  | E_q            Order  | E_uhat         Order |
10   | 7.76e-08       0.00   | 7.21e-08       0.00   | 2.15e-39       0.00  |
20   | 2.43e-09       5.00   | 2.25e-09       5.00   | 2.88e-45       19.50 |
40   | 7.61e-11       5.00   | 7.02e-11       5.00   | 3.89e-51       19.50 |
80   | 2.38e-12       5.00   | 2.19e-12       5.00   | 1.30e-56       18.19 |
160  | 7.43e-14       5.00   | 6.85e-14       5.00   | 3.69e-57       1.82  |
320  | 2.32e-15       5.00   | 2.14e-15       5.00   | 4.40e-56       -3.57 |
640  | 7.26e-17       5.00   | 6.69e-17       5.00   | 2.21e-55       -2.33 |
1280 | 2.27e-18       5.00   | 2.09e-18       5.00   | 1.27e-54       -2.52 |

Functional Error
N    | J(u)-Jh(u_h)   Order  | J(u)-J(u_h)    Order  |
10   | 2.16e-13       0.00   | 8.93e-13       0.00   |
20   | 4.12e-16       9.04   | 1.76e-15       8.99   |
40   | 7.93e-19       9.02   | 3.45e-18       8.99   |
80   | 1.54e-21       9.01   | 6.75e-21       9.00   |
160  | 2.99e-24       9.01   | 1.32e-23       9.00   |
320  | 5.83e-27       9.00   | 2.58e-26       9.00   |
640  | 1.14e-29       9.00   | 5.04e-29       9.00   |
1280 | 2.22e-32       9.00   | 9.85e-32       9.00   |
--------------------
Results for estimator
N    | J(u)-J(u_h)    esti_1         ratio  
10   | 8.93e-13       1.11e-12       1.24   |
20   | 1.76e-15       2.17e-15       1.23   |
40   | 3.45e-18       4.24e-18       1.23   |
80   | 6.75e-21       8.29e-21       1.23   |
160  | 1.32e-23       1.62e-23       1.23   |
320  | 2.58e-26       3.16e-26       1.23   |
640  | 5.04e-29       6.18e-29       1.23   |
1280 | 9.85e-32       1.21e-31       1.23   |

N    | J(u)-Jh(u_h)   esti_1         ratio  
10   | 2.16e-13       1.11e-12       5.13   |
20   | 4.12e-16       2.17e-15       5.28   |
40   | 7.93e-19       4.24e-18       5.35   |
80   | 1.54e-21       8.29e-21       5.39   |
160  | 2.99e-24       1.62e-23       5.41   |
320  | 5.83e-27       3.16e-26       5.42   |
640  | 1.14e-29       6.18e-29       5.43   |
1280 | 2.22e-32       1.21e-31       5.43   |
--------------------
Post-processing: Convolution Filtering

Soltuion Error
N    | E_u            Order  | E_q            Order  | E_uhat         Order |
10   | 2.19e-09       0.00   | 6.88e-09       0.00   | 6.92e-09       0.00  |
20   | 2.20e-12       9.96   | 6.92e-12       9.96   | 9.85e-12       9.46  |
40   | 2.17e-15       9.99   | 6.81e-15       9.99   | 1.37e-14       9.49  |
80   | 2.12e-18       10.00  | 6.67e-18       10.00  | 1.90e-17       9.50  |
160  | 2.07e-21       10.00  | 6.51e-21       10.00  | 2.62e-20       9.50  |
320  | 2.02e-24       10.00  | 6.36e-24       10.00  | 3.61e-23       9.50  |
640  | 1.97e-27       10.00  | 6.21e-27       10.00  | 4.98e-26       9.50  |
1280 | 1.92e-30       10.01  | 6.07e-30       10.00  | 6.86e-29       9.51  |

Functional Error
N    | J(u)-Jh(u_h)   Order  | J(u)-J(u_h)    Order  |
10   | 4.73e-17       0.00   | 1.53e-08       0.00   |
20   | 4.79e-23       19.91  | 1.54e-11       9.96   |
40   | 4.64e-29       19.98  | 1.51e-14       9.99   |
80   | 4.44e-35       20.00  | 1.48e-17       10.00  |
160  | 4.23e-41       20.00  | 1.45e-20       10.00  |
320  | 4.03e-47       20.00  | 1.41e-23       10.00  |
640  | 3.83e-53       20.01  | 1.37e-26       10.00  |
1280 | 8.96e-59       18.71  | 1.34e-29       10.01  |
--------------------
Results for estimator
N    | J(u)-J(u*_h)   esti_2         ratio  
10   | 1.53e-08       1.53e-08       1.00   |
20   | 1.54e-11       1.54e-11       1.00   |
40   | 1.51e-14       1.51e-14       1.00   |
80   | 1.48e-17       1.48e-17       1.00   |
160  | 1.45e-20       1.45e-20       1.00   |
320  | 1.41e-23       1.41e-23       1.00   |
640  | 1.37e-26       1.37e-26       1.00   |
1280 | 1.34e-29       1.34e-29       1.00   |

N    | J(u)-Jh(u*_h)  esti_2         ratio  
10   | 4.73e-17       1.53e-08       323123666.71 |
20   | 4.79e-23       1.54e-11       320936106058.53 |
40   | 4.64e-29       1.51e-14       326173770705694.25 |
80   | 4.44e-35       1.48e-17       333440461171481083.12 |
160  | 4.23e-41       1.45e-20       341435753316891771186.70 |
320  | 4.03e-47       1.41e-23       349907496377342289854213.95 |
640  | 3.83e-53       1.37e-26       358948755316399658781303429.84 |
1280 | 8.96e-59       1.34e-29       149271378562205034545539092330.66 |



diary off
